image: map_lab.pgm
resolution: 0.050000
origin: [-4.194748, -3.845051, 0.000000]
negate: 0
occupied_thresh: 0.65
free_thresh: 0.196

